58
31
22
6
15
10
29
56
21
50
44
29
46
39
10
36
38
64
3
96
40
65
11
12
51
88
81
90
26
45
49
4
51
65
12
35
83
20
79
30
99
39
73
4
71
44
50
24
60
99
50
49
17
76
77
93
20
10
55
26
29
38
30
75
1
41
77
80
27
75
52
18
84
73
97
2
91
7
40
7
39
57
30
26
95
1
86
74
88
19
15
73
65
54
2
61
9
97
4
31
66
70
97
85
48
32
64
44
79
75
2
14
70
48
87
71
9
5
80
99
54
4
91
8
60
78
52
31
72
36
93
94
3
10
40
68
59
45
78
63
37
43
94
13
18
2
4
17
66
30
53
5
18
4
76
63
78
89
25
69
80
33
71
44
82
8
11
60
8
19
12
63
26
17
63
12
9
78
90
59
74
36
65
42
82
89
76
99
33
77
90
70
20
9
83
4
71
51
31
11
90
44
9
47
18
90
78
1
41
65
54
99
99
65
94
44
67
29
62
93
31
12
27
31
29
42
43
17
34
59
40
58
48
80
68
31
27
19
25
91
11
76
58
68
24
90
71
54
14
39
37
43
88
38
80
79
17
78
19
76
47
61
67
81
25
95
52
20
96
64
18
49
5
70
82
55
53
59
8
38
71
88
4
95
23
97
70
10
99
89
15
49
99
48
45
49
9
76
44
28
39
52
57
50
22
87
38
19
55
26
27
57
71
80
6
58
58
72
59
28
26
42
20
8
49
68
49
56
26
33
46
76
16
79
98
20
31
54
73
35
59
52
55
74
63
57
78
19
43
86
91
37
18
17
3
97
33
50
1
53
39
81
92
23
79
50
42
91
82
85
27
5
98
24
68
73
87
45
45
92
89
30
13
39
42
9
59
98
76
1
87
81
53
21
96
77
59
33
94
13
15
86
37
57
59
87
39
93
48
29
11
87
6
9
64
9
69
54
80
71
91
44
16
81
98
46
51
78
28
90
15
54
50
32
77
3
93
56
80
55
69
65
50
47
89
99
76
45
56
88
9
5
52
24
22
71
71
55
59
14
36
61
65
58
15
56
38
73
31
61
15
13
74
26
2
26
93
69
92
99
70
7
22
40
81
10
3
27
10
6
32
39
97
66
19
9
99
92
33
34
61
3
15
95
73
95
31
26
22
95
78
2
63
59
43
30
40
26
77
5
54
12
63
25
29
75
16
8
8
93
27
1
37
59
39
67
91
26
66
85
79
76
5
15
28
31
76
38
23
88
69
73
16
29
79
49
39
89
66
98
79
24
19
28
69
77
65
4
20
76
38
14
60
91
25
77
7
49
97
98
99
78
84
19
25
53
85
9
79
89
29
3
60
68
6
56
58
77
45
50
65
72
19
47
51
55
14
24
4
3
42
89
92
68
98
2
39
99
3
17
91
57
25
31
48
36
54
92
85
69
19
30
5
47
34
28
60
37
68
69
40
61
5
76
48
39
10
91
69
5
17
58
74
29
59
8
47
88
99
16
2
21
39
34
83
12
85
46
35
71
42
3
32
34
76
30
52
48
83
9
26
62
23
81
53
61
56
76
88
26
80
71
38
53
68
19
23
70
93
36
54
64
57
98
62
15
26
40
52
29
56
99
6
91
89
40
97
57
81
23
55
10
58
10
90
70
64
79
65
58
8
82
55
47
54
61
6
25
20
38
35
16
24
59
70
81
66
46
63
29
22
65
88
71
80
45
7
48
8
91
50
47
75
94
22
73
44
58
37
29
35
73
38
44
87
40
85
98
40
10
5
19
16
37
37
42
93
84
67
10
55
58
17
28
88
87
41
29
38
96
37
9
10
35
94
48
27
45
83
41
59
9
8
97
87
32
31
38
58
79
80
60
90
27
73
76
56
11
56
99
98
56
60
44
72
95
9
81
43
88
15
48
2
27
50
46
50
19
41
56
57
4
71
59
16
77
18
82
61
18
92
17
89
83
42
3
48
64
26
91
23
49
94
70
65
33
59
64
76
27
27
37
69
99
43
94
85
2
28
95
77
26
20
26
96
97
58
18
84
47
97
85
93
49
33
8
10
2
93
83
18
54
7
34
90
55
48
90
40
47
18
47
37
30
15
97
30
68
74
67
74
41
79
29
30
42
43
21
66
35
85
83
8
45
77
24
20
86
36
41
50
68
77
37
30
51
49
64
35
36
78
41
28
27
10
77
75
77
5
49
13
27
24
6
62
34
40
91
52
90
77
43
32
33
18
6
63
42
99
78
92
78
86
31
57
44
56
80
36
1
